[[2.91, 0.68319, 4.0, 0.04],
[3.32, 0.68334, 4.0, 0.1025],
[3.42, 0.68337, 4.0, 0.025],
[3.63, 0.68345, 4.0, 0.0525],
[4.19, 0.68365, 4.0, 0.14],
[4.5, 0.68376, 2.81041, 0.11031],
[4.55, 0.68378, 2.14147, 0.02335],
[5.32, 0.68405, 1.89927, 0.40542],
[5.42, 0.68409, 1.79647, 0.05566],
[5.78, 0.68422, 1.74631, 0.20615],
[6.22029, 0.69528, 1.74274, 0.25272],
[6.40459, 0.72226, 1.74274, 0.10688],
[6.55489, 0.76197, 1.74274, 0.0892],
[6.69764, 0.82037, 1.73564, 0.08886],
[6.83824, 0.90421, 1.61879, 0.10113],
[6.97477, 1.02121, 1.61879, 0.11107],
[7.08704, 1.15896, 1.61879, 0.10977],
[7.16979, 1.30619, 1.61879, 0.10433],
[7.26217, 1.69748, 1.61879, 0.24837],
[7.26007, 1.7961, 1.61879, 0.06094],
[7.24323, 1.91106, 1.66561, 0.06976],
[7.10688, 2.23278, 1.69642, 0.20597],
[6.94098, 2.42241, 1.79887, 0.14007],
[6.71618, 2.57805, 1.97234, 0.13862],
[6.44873, 2.68682, 2.21492, 0.13035],
[6.15711, 2.74745, 1.99187, 0.14954],
[5.92638, 2.76662, 1.99187, 0.11624],
[5.73153, 2.77005, 1.99187, 0.09784],
[5.67, 2.76989, 1.99187, 0.03089],
[5.22188, 2.76712, 1.99187, 0.22498],
[5.08777, 2.78503, 1.99187, 0.06793],
[4.95177, 2.81801, 2.01294, 0.06952],
[4.78882, 2.87846, 2.17449, 0.07993],
[4.57745, 2.99056, 2.39122, 0.10006],
[4.34885, 3.15577, 2.7044, 0.10429],
[4.14916, 3.3382, 2.04149, 0.13249],
[3.96942, 3.53023, 1.71851, 0.15306],
[3.774, 3.76141, 1.66754, 0.18153],
[3.68239, 3.8738, 1.66754, 0.08695],
[3.54352, 4.04108, 1.66754, 0.13038],
[3.3381, 4.24993, 1.66754, 0.17567],
[3.2041, 4.34699, 1.66754, 0.09922],
[3.08068, 4.40982, 1.66754, 0.08305],
[2.95991, 4.45063, 1.77239, 0.07192],
[2.83518, 4.4763, 2.05766, 0.06189],
[2.69021, 4.49161, 2.03471, 0.07165],
[2.49596, 4.49765, 1.96184, 0.09906],
[2.24938, 4.49143, 1.81066, 0.13623],
[1.98385, 4.4703, 1.81066, 0.14711],
[1.70212, 4.39882, 1.81066, 0.16052],
[1.41909, 4.25715, 1.81066, 0.1748],
[1.16364, 4.04074, 1.81066, 0.1849],
[0.9604, 3.73853, 1.81066, 0.20114],
[0.86507, 3.30778, 2.4682, 0.17874],
[0.87235, 2.81551, 2.83904, 0.17341],
[0.89401, 2.65856, 3.43482, 0.04613],
[0.91646, 2.53095, 2.467, 0.05252],
[0.93804, 2.41959, 1.53521, 0.07389],
[1.02121, 2.01818, 1.31212, 0.31243],
[1.04306, 1.91271, 1.3, 0.08286],
[1.09363, 1.66868, 1.3, 0.1917],
[1.20808, 1.22352, 1.3, 0.35356],
[1.249, 1.12478, 1.3, 0.08222],
[1.29054, 1.05152, 1.3, 0.06478],
[1.3427, 0.98491, 1.3, 0.06508],
[1.41091, 0.92173, 1.40017, 0.06639],
[1.50213, 0.86061, 1.62608, 0.06753],
[1.63657, 0.79697, 2.05673, 0.07232],
[2.06562, 0.69631, 2.84352, 0.15498],
[2.75, 0.68314, 4.0, 0.17113]]